0 0.7991666666666667 0.7425 0.21166666666666667 0.5125
0 0.79875 0.423125 0.0975 0.13875
0 0.79875 0.32875 0.08416666666666667 0.0575
2 0.72625 0.3215625 0.015833333333333335 0.024375
1 0.21041666666666667 0.334375 0.059166666666666666 0.04125
1 0.4266666666666667 0.28625 0.03 0.035
4 0.2248083333333333 0.48155000000000003 0.021708333333333295 0.07939999999999997
4 0.35541666666666666 0.41125 0.049166666666666664 0.0575
4 0.22541666666666665 0.395 0.0525 0.0675
1 0.35989166666666667 0.302975 0.038125 0.0434375
3 0.18585000000000002 0.4535125 0.023408333333333312 0.046099999999999995