4 0.9213541666666667 0.8898148148148148 0.103125 0.21666666666666667
4 0.9401041666666666 0.7287037037037037 0.07604166666666666 0.1685185185185185
4 0.9796875 0.6518518518518519 0.03854166666666667 0.15555555555555556
4 0.9635416666666666 0.6 0.05416666666666667 0.0962962962962963
1 0.6739583333333333 0.9120370370370371 0.13541666666666666 0.17222222222222222
5 0.540625 0.8351851851851851 0.12916666666666668 0.3037037037037037
0 0.7416666666666667 0.6916666666666667 0.14583333333333334 0.29814814814814816
0 0.8786458333333333 0.5231481481481481 0.128125 0.2759259259259259
1 0.6557291666666667 0.6101851851851852 0.08229166666666667 0.18333333333333332
0 0.053125 0.7027777777777777 0.10625 0.38333333333333336
0 0.9723958333333333 0.46111111111111114 0.053125 0.17777777777777778
1 0.1546875 0.8657407407407407 0.11354166666666667 0.17592592592592593
1 0.24010416666666667 0.8018518518518518 0.103125 0.15925925925925927
1 0.33125 0.7046296296296296 0.09791666666666667 0.1648148148148148
1 0.2791666666666667 0.5898148148148148 0.0875 0.12037037037037036
1 0.3729166666666667 0.6287037037037037 0.07916666666666666 0.17222222222222222
4 0.29010416666666666 0.4722222222222222 0.046875 0.11851851851851852
0 0.215625 0.5037037037037037 0.10625 0.24444444444444444
0 0.45208333333333334 0.5398148148148149 0.1 0.23148148148148148
1 0.3734375 0.5064814814814815 0.06354166666666666 0.08703703703703704
1 0.578125 0.4564814814814815 0.0625 0.10185185185185185
0 0.43385416666666665 0.3592592592592593 0.07604166666666666 0.1259259259259259
0 0.35625 0.44537037037037036 0.08958333333333333 0.17222222222222222
0 0.728125 0.4398148148148148 0.10833333333333334 0.1648148148148148
5 0.6947916666666667 0.5111111111111111 0.08541666666666667 0.0962962962962963
3 0.25936458333333334 0.921962962962963 0.05933333333333337 0.15607407407407403