1 0.115234375 0.7535760728218466 0.109375 0.0611183355006502
1 0.23388671875 0.7048114434330299 0.0751953125 0.06501950585175553
1 0.29443359375 0.6710013003901171 0.0419921875 0.05201560468140442
1 0.34244140625 0.6345903771131339 0.0234375 0.031209362808842653
1 0.40283203125 0.6618985695708712 0.0380859375 0.03901170351105332
1 0.39306640625 0.7100130039011704 0.0322265625 0.05721716514954486
1 0.338544921875 0.7664759427828348 0.0576171875 0.07802340702210664
1 0.279296875 0.8777633289986996 0.109375 0.11963589076723016
1 0.37744140625 0.61703511053316 0.0341796875 0.014304291287386216
0 0.5478515625 0.5903771131339401 0.03125 0.06241872561768531
0 0.4619140625 0.6085825747724317 0.05078125 0.07022106631989597
5 0.546875 0.6664499349804941 0.033203125 0.07152145643693109
3 0.7184765625 0.7794148244473342 0.021455078125000027 0.06881664499349814
3 0.66009765625 0.7493498049414824 0.01619140624999993 0.05418725617685315
3 0.8413671875 0.7163589076723017 0.016621093749999982 0.04283485045513661
3 0.807734375 0.6592457737321197 0.011210937500000018 0.04522756827048118
3 0.475009765625 0.6478153446033811 0.01749023437499997 0.042912873862158724
3 0.41837890625 0.6075032509752926 0.010351562500000022 0.029037711313394072
3 0.2780859375 0.6974382314694408 0.015019531249999996 0.0511443433029908
3 0.524794921875 0.600299089726918 0.010634765625000098 0.028426527958387533