2 0.9038888888888889 0.775 0.19 0.44333333333333336
2 0.565 0.7758333333333334 0.25222222222222224 0.42833333333333334
2 0.7494444444444445 0.6358333333333334 0.10555555555555556 0.42833333333333334
2 0.3288888888888889 0.64 0.14888888888888888 0.37666666666666665
2 0.20333333333333334 0.585 0.10666666666666667 0.3466666666666667
2 0.10166666666666667 0.5025 0.08333333333333333 0.25833333333333336
2 0.02 0.4775 0.04 0.225
2 0.6694444444444444 0.43083333333333335 0.04777777777777778 0.095
1 0.15444444444444444 0.30083333333333334 0.07777777777777778 0.12166666666666667
3 0.5488333333333333 0.42618333333333336 0.1854 0.2857166666666667
3 0.8963888888888889 0.38689999999999997 0.16940000000000005 0.2738166666666666
3 0.3226888888888889 0.3797666666666667 0.09185555555555554 0.12618333333333334
3 0.2235 0.3595166666666667 0.08078888888888887 0.11905000000000002
3 0.09972222222222223 0.33215 0.06496666666666666 0.11666666666666667
3 0.7678444444444443 0.3369 0.11232222222222213 0.1547666666666667
3 0.02592222222222222 0.3107166666666667 0.04435555555555556 0.11189999999999997
3 0.4068 0.2202333333333333 0.060088888888888935 0.13571666666666668