1 0.18068965517241378 0.47125 0.06620689655172414 0.0725
2 0.16620689655172413 0.52 0.020689655172413793 0.045
5 0.3544827586206897 0.37875 0.07172413793103448 0.0625
2 0.36482758620689654 0.415 0.01793103448275862 0.025
5 0.12551724137931033 0.95 0.25103448275862067 0.09
5 0.12344827586206897 0.775 0.24689655172413794 0.35
5 0.30344827586206896 0.68125 0.11862068965517242 0.2475
5 0.44551724137931037 0.66 0.12689655172413794 0.24
5 0.48 0.51 0.10206896551724139 0.15
5 0.4572413793103448 0.4775 0.09241379310344827 0.16
5 0.5420689655172414 0.48 0.060689655172413794 0.16
5 0.6689655172413793 0.40625 0.06344827586206897 0.1175
5 0.6020689655172414 0.4175 0.05103448275862069 0.12
5 0.546896551724138 0.37875 0.05655172413793103 0.0425
5 0.7103448275862069 0.395 0.02482758620689655 0.07
5 0.7324137931034482 0.37 0.03310344827586207 0.08
5 0.7593103448275862 0.35625 0.02620689655172414 0.0725
5 0.7855172413793103 0.345 0.02620689655172414 0.06
5 0.8317241379310345 0.32375 0.03586206896551724 0.0625
3 0.12699310344827586 0.5022 0.013048275862068977 0.053125
3 0.13957241379310345 0.495 0.01477241379310346 0.0575
3 0.16994482758620688 0.4962 0.020027586206896566 0.02717500000000001