4 0.22021484375 0.9298447383553766 0.06298828125 0.12535940195514664
4 0.20458984375 0.7768832662449684 0.03662109375 0.0718803910293272
4 0.177734375 0.715928694652099 0.0185546875 0.04542840713053479
4 0.1767578125 0.6699252443933295 0.01708984375 0.029327199539965498
4 0.064453125 0.6802760207015526 0.01513671875 0.03105232892466935
2 0.1201171875 0.7625071880391029 0.01513671875 0.02702702702702703
2 0.56494140625 0.9120184013801035 0.07373046875 0.03852788959171938
2 0.54248046875 0.8982173663024727 0.07177734375 0.035077630822311676
2 0.513671875 0.8895917193789534 0.0634765625 0.04082806210465785
2 0.435546875 0.8263369752731455 0.04443359375 0.03565267395054629
1 0.328125 0.8389879240943071 0.060546875 0.07648073605520414
1 0.369140625 0.7998849913743531 0.126953125 0.04542840713053479
1 0.33349609375 0.7866589994249569 0.1005859375 0.04427832087406555
1 0.31884765625 0.7665324899367453 0.1279296875 0.06440483036227718
5 0.24609375 0.7222541690626797 0.04638671875 0.07245543415756182
5 0.287109375 0.699252443933295 0.033203125 0.044853364002300174
4 0.19189453125 0.6946520989074181 0.01904296875 0.023576768257619323
1 0.14990234375 0.6451983898792409 0.01806640625 0.023001725129384705
1 0.1689453125 0.6365727429557216 0.013671875 0.014951121334100058
1 0.158203125 0.6244968372627947 0.01220703125 0.011500862564692352
1 0.24072265625 0.6589994249568718 0.0205078125 0.024726854514088556
1 0.10693359375 0.652673950546291 0.015625 0.019551466359977
1 0.01611328125 0.6595744680851063 0.00927734375 0.020701552616446232
0 0.0048828125 0.6733755031627372 0.009765625 0.05980448533640023
3 0.09521484375 0.6262219666474985 0.00634765625 0.013225991949396205
5 0.21923828125 0.6319723979298447 0.01611328125 0.023001725129384705
5 0.60791015625 0.9614721104082806 0.13330078125 0.07648073605520414
3 0.1513671875 0.9838987924094307 0.048828125 0.03220241518113859
3 0.11962890625 0.7389304197814837 0.0126953125 0.019551466359977
3 0.33251953125 0.7090281771132835 0.0107421875 0.04025301897642323
3 0.013671875 0.7291546866014951 0.01123046875 0.0327774583093732