2 0.0419921875 0.8398760330578512 0.0791015625 0.07851239669421488
2 0.0302734375 0.6859504132231405 0.037109375 0.056818181818181816
2 0.19091796875 0.6053719008264463 0.0283203125 0.045454545454545456
2 0.49267578125 0.5320247933884298 0.0126953125 0.0506198347107438
4 0.11767578125 0.746900826446281 0.06494140625 0.1415289256198347
4 0.17724609375 0.6983471074380165 0.0595703125 0.13946280991735538
4 0.2509765625 0.6466942148760331 0.0439453125 0.11053719008264463
2 0.2080078125 0.5537190082644629 0.01953125 0.03409090909090909
1 0.240234375 0.5619834710743802 0.0458984375 0.06198347107438017
1 0.34375 0.4669421487603306 0.02587890625 0.04855371900826446
4 0.359375 0.45041322314049587 0.01123046875 0.029958677685950414
4 0.390625 0.4834710743801653 0.01708984375 0.047520661157024795
4 0.43115234375 0.4225206611570248 0.01025390625 0.030991735537190084
1 0.40771484375 0.4059917355371901 0.02197265625 0.01756198347107438
0 0.439453125 0.39462809917355374 0.01806640625 0.04648760330578512
0 0.431640625 0.3739669421487603 0.015625 0.024793388429752067
2 0.44287109375 0.4535123966942149 0.0068359375 0.03305785123966942
5 0.47216796875 0.65599173553719 0.068359375 0.24173553719008264
1 0.79296875 0.8997933884297521 0.107421875 0.20041322314049587
5 0.810546875 0.734504132231405 0.09326171875 0.1518595041322314
2 0.77392578125 0.6663223140495868 0.0322265625 0.042355371900826444
2 0.7392578125 0.6353305785123967 0.0302734375 0.03925619834710744
2 0.74853515625 0.6394628099173554 0.03369140625 0.03409090909090909
2 0.763671875 0.6528925619834711 0.03369140625 0.03925619834710744
2 0.72802734375 0.625 0.0341796875 0.04132231404958678
2 0.669921875 0.5650826446280992 0.03173828125 0.024793388429752067
1 0.6201171875 0.5847107438016529 0.03662109375 0.0743801652892562
1 0.63525390625 0.5444214876033058 0.0712890625 0.04855371900826446
1 0.61376953125 0.53099173553719 0.05517578125 0.04132231404958678
1 0.603515625 0.5134297520661157 0.0712890625 0.0640495867768595
5 0.55810546875 0.47210743801652894 0.0234375 0.06714876033057851
5 0.57373046875 0.44731404958677684 0.01806640625 0.04338842975206612
1 0.5625 0.43285123966942146 0.0107421875 0.023760330578512397
1 0.5390625 0.40702479338842973 0.01123046875 0.026859504132231406
1 0.53466796875 0.3977272727272727 0.00927734375 0.022727272727272728
4 0.52685546875 0.4152892561983471 0.00830078125 0.028925619834710745
3 0.5068359375 0.390495867768595 0.0029296875 0.02066115702479339
3 0.50048828125 0.3822314049586777 0.00244140625 0.01652892561983471
5 0.5107421875 0.3584710743801653 0.009765625 0.024793388429752067
3 0.0390625 0.7830578512396694 0.037109375 0.0640495867768595
3 0.0087890625 0.7582644628099173 0.017578125 0.12396694214876033
3 0.22216796875 0.6528925619834711 0.0146484375 0.08574380165289257
3 0.2099609375 0.6208677685950413 0.01416015625 0.07954545454545454
3 0.09619140625 0.609504132231405 0.0146484375 0.07851239669421488
3 0.14208984375 0.5909090909090909 0.0126953125 0.07024793388429752
3 0.05517578125 0.618801652892562 0.02099609375 0.07644628099173553
3 0.26220703125 0.5733471074380165 0.01513671875 0.038223140495867766
3 0.49267578125 0.5175619834710744 0.0146484375 0.027892561983471075
3 0.3193359375 0.5041322314049587 0.00732421875 0.045454545454545456
3 0.30908203125 0.5092975206611571 0.00732421875 0.042355371900826444
3 0.3115234375 0.45454545454545453 0.00634765625 0.03409090909090909
3 0.32763671875 0.47210743801652894 0.00732421875 0.04338842975206612
3 0.8916015625 0.8274793388429752 0.0341796875 0.15495867768595042
3 0.619140625 0.8543388429752066 0.0234375 0.08057851239669421
3 0.53955078125 0.4793388429752066 0.00537109375 0.03925619834710744
3 0.537109375 0.4762396694214876 0.005859375 0.0371900826446281
3 0.60107421875 0.46797520661157027 0.0068359375 0.024793388429752067
3 0.5927734375 0.45867768595041325 0.0068359375 0.03202479338842975
3 0.599609375 0.4452479338842975 0.00390625 0.01652892561983471
3 0.5888671875 0.5619834710743802 0.0087890625 0.05785123966942149
0 0.6416015625 0.7252066115702479 0.0166015625 0.05371900826446281
3 0.7041015625 0.5764462809917356 0.013671875 0.03615702479338843
3 0.31982421875 0.45144628099173556 0.005859375 0.030991735537190084
3 0.25732421875 0.5144628099173554 0.01171875 0.03305785123966942