1 0.19568750000000001 0.8634259259259259 0.3617916666666666 0.27314814814814814
1 0.5048802083333334 0.8229166666666666 0.282265625 0.3541666666666667
1 0.6223802083333333 0.5781574074074074 0.24424479166666663 0.18627777777777785
1 0.41701041666666666 0.5952962962962962 0.213296875 0.13965740740740734
1 0.4081197916666667 0.48148148148148145 0.1981197916666667 0.12037037037037036
1 0.8329114583333334 0.4495648148148148 0.14807291666666675 0.10622222222222225
1 0.9474166666666667 0.5358981481481482 0.10516145833333326 0.1036851851851852
1 0.9462760416666666 0.6808518518518519 0.10744270833333332 0.19212962962962962
1 0.5489010416666668 0.3541388888888889 0.06331770833333336 0.09833333333333337
5 0.42743749999999997 0.30787037037037035 0.1039427083333333 0.2222222222222222
5 0.33975000000000005 0.20635185185185187 0.10229166666666671 0.09325000000000001
5 0.057770833333333334 0.19662962962962965 0.11554166666666667 0.09233333333333336
5 0.16092708333333333 0.20512037037037037 0.09318749999999998 0.08975925925925926
1 0.708453125 0.4479074074074074 0.148046875 0.13461111111111115
1 0.85984375 0.5902037037037037 0.15364583333333334 0.1767685185185186
2 0.7782864583333333 0.6324444444444444 0.07015104166666669 0.07969444444444439
2 0.227609375 0.6574074074074074 0.040223958333333344 0.09722222222222222
2 0.25885416666666666 0.5972222222222222 0.03500520833333335 0.08796296296296297
3 0.21329166666666666 0.5486111111111112 0.037625000000000006 0.10185185185185185
3 0.254296875 0.5057870370370371 0.03891145833333335 0.10416666666666667
3 0.8889479166666666 0.6238425925925926 0.03551562500000003 0.2199074074074074
4 0.6048125 0.3684259259259259 0.05116145833333334 0.12578703703703706
1 0.6631041666666667 0.3493981481481482 0.06224999999999999 0.06971296296296293
4 0.4945260416666667 0.27897222222222223 0.04251041666666661 0.07631481481481478
1 0.34615104166666666 0.2974537037037037 0.04264583333333327 0.08101851851851852
1 0.36481250000000004 0.33693518518518517 0.020937500000000022 0.07715740740740744
1 0.2782916666666667 0.2912592592592593 0.06928645833333331 0.06095370370370374
1 0.22127083333333333 0.27239814814814817 0.05539583333333334 0.054101851851851804
1 0.27271354166666667 0.2483425925925926 0.04969270833333335 0.032407407407407406
4 0.23616666666666666 0.2313148148148148 0.041708333333333354 0.038694444444444434
1 0.6968854166666667 0.21249074074074076 0.05965104166666677 0.03406481481481483
3 0.7803489583333333 0.5489444444444445 0.043796875000000075 0.08465740740740747
1 0.7862083333333333 0.8355370370370371 0.36037500000000006 0.32892592592592595
3 0.5143645833333333 0.3291296296296296 0.015677083333333286 0.08258333333333327