1 0.6632239583333333 0.3458703703703704 0.050369791666666684 0.08574074074074076
1 0.6049947916666667 0.4038611111111111 0.06345833333333341 0.11245370370370375
1 0.6844322916666667 0.25037037037037035 0.0686822916666666 0.057675925925925894
1 0.4511197916666667 0.32972222222222225 0.0760833333333333 0.059981481481481455
1 0.37932812499999996 0.3247777777777778 0.0643645833333333 0.07405555555555557
1 0.7332604166666667 0.2717222222222222 0.0453125 0.0614166666666667
5 0.8008697916666667 0.22372222222222224 0.041979166666666616 0.05677777777777782
1 0.948734375 0.19800925925925925 0.04707291666666672 0.036870370370370366
3 0.3097239583333334 0.35430555555555554 0.02138541666666664 0.05022222222222223
5 0.3140625 0.6699074074074074 0.5104166666666666 0.6601851851851852
4 0.5634427083333333 0.33217592592592593 0.049260416666666626 0.09953703703703703
4 0.51459375 0.31156481481481485 0.038828125000000095 0.05787037037037037
4 0.5387083333333335 0.25462962962962965 0.0466458333333333 0.05555555555555555
4 0.623328125 0.2465277777777778 0.04667708333333328 0.07175925925925926
4 0.5909635416666668 0.24129629629629631 0.03717708333333339 0.05964814814814811
4 0.7711875 0.22654629629629625 0.04094791666666661 0.057398148148148156
1 0.8898333333333334 0.20039814814814816 0.03413020833333344 0.03505555555555557
1 0.8434375000000001 0.20816666666666667 0.03579687500000001 0.04133333333333332
1 0.9038854166666667 0.7430555555555556 0.18868229166666667 0.24537037037037038
3 0.9674479166666666 0.8671296296296296 0.06510416666666667 0.2657407407407407
1 0.68321875 0.5567129629629629 0.09096354166666672 0.2013888888888889
1 0.6396145833333333 0.7303240740740741 0.1755677083333334 0.30324074074074076
4 0.6871354166666667 0.8761574074074074 0.2159427083333334 0.24768518518518517
1 0.7218802083333333 0.21350925925925926 0.04228645833333336 0.04521296296296295
2 0.6910208333333333 0.33101851851851855 0.012854166666666582 0.05555555555555555
2 0.6408697916666667 0.3138703703703704 0.022531249999999878 0.03812962962962958
1 0.16726041666666672 0.4556296296296296 0.16020312500000009 0.11930555555555558
1 0.052734375 0.6898148148148148 0.10035937500000003 0.21296296296296297
1 0.05454166666666668 0.5362592592592592 0.10907812499999991 0.08952777777777783
3 0.6959739583333333 0.2900648148148148 0.020473958333333306 0.03346296296296295
3 0.6535989583333333 0.2851666666666667 0.025161458333333307 0.029379629629629648
1 0.35723437500000005 0.3567962962962963 0.07293229166666677 0.08468518518518522