1 0.3209296875 0.7594444444444444 0.0810546875 0.12580555555555553
1 0.5721093749999999 0.5811527777777777 0.04668749999999999 0.11225000000000007
1 0.410875 0.24281944444444445 0.06181250000000005 0.0642361111111111
1 0.6889062499999999 0.6405972222222223 0.09042187500000001 0.1628611111111111
1 0.493046875 0.6304861111111111 0.09837500000000006 0.14152777777777775
1 0.41596093749999996 0.8346527777777778 0.11062499999999997 0.13337499999999997
1 0.644921875 0.5326111111111111 0.08760937500000007 0.09959722222222227
2 0.3187734375 0.18841666666666665 0.032859374999999955 0.028916666666666656
1 0.3823515625 0.7126944444444444 0.09967187500000003 0.13973611111111106
1 0.6311328125 0.7877916666666667 0.11088281250000005 0.14538888888888898
1 0.4316640625 0.6662777777777779 0.09503906250000002 0.13512499999999994
1 0.553984375 0.9245833333333334 0.11333593749999996 0.15081944444444434
2 0.47740625000000003 0.24341666666666664 0.0287109375 0.037402777777777785
2 0.38253906249999997 0.35170833333333335 0.03274999999999997 0.03670833333333334
2 0.8228203125 0.10622222222222223 0.01702343749999997 0.029958333333333323
1 0.8560859375 0.35574999999999996 0.08316406249999986 0.10059722222222227
1 0.8274140624999999 0.3659305555555556 0.05165624999999992 0.09551388888888887
2 0.44546875 0.27454166666666663 0.027585937499999956 0.0290416666666667
1 0.7851640625 0.6230277777777777 0.05296875000000005 0.05693055555555557
1 0.859125 0.3157361111111111 0.08506250000000008 0.06209722222222219
1 0.7001015625 0.7952222222222222 0.04807812499999997 0.07955555555555552
2 0.1985546875 0.31293055555555555 0.03453906249999998 0.02897222222222224
2 0.06875 0.40654166666666663 0.049609375 0.03558333333333334
4 0.2788671875 0.3368333333333333 0.047453125000000006 0.06576388888888889
2 0.8210000000000001 0.03111111111111111 0.016359375000000044 0.018902777777777775
2 0.390234375 0.1904861111111111 0.028703125000000006 0.020833333333333332
1 0.23640625 0.16594444444444448 0.058554687500000036 0.04019444444444446
1 0.3007421875 0.8728194444444444 0.07282031250000003 0.1397916666666668
1 0.026921874999999994 0.456 0.050859375 0.0865694444444445
1 0.7324140625 0.7203888888888889 0.07300000000000004 0.08863888888888888
1 0.825 0.5379722222222222 0.047195312499999885 0.0580833333333334
2 0.3524921875 0.14844444444444443 0.02474999999999996 0.01906944444444443
3 0.731359375 0.19093055555555555 0.013078125000000006 0.04284722222222223
1 0.7698125 0.014944444444444444 0.032914062500000084 0.028847222222222222
2 0.57225 0.26731944444444444 0.02531250000000007 0.02730555555555559
2 0.6856640625 0.21330555555555558 0.023937500000000077 0.028499999999999973
2 0.53840625 0.19681944444444446 0.022351562499999922 0.039291666666666676
3 0.65728125 0.6171666666666666 0.01414062499999993 0.062486111111111124
3 0.881171875 0.1456388888888889 0.011617187499999914 0.029277777777777795
4 0.542125 0.24275 0.05078125 0.0780277777777778
1 0.8124921875 0.5756249999999999 0.033812500000000065 0.041416666666666734
2 0.3129453125 0.35677777777777775 0.030953125000000005 0.03181944444444444
3 0.071984375 0.380875 0.024554687500000005 0.03525
3 0.19989062500000002 0.2823333333333333 0.013382812499999997 0.024736111111111115
3 0.3170703125 0.3272638888888889 0.016281250000000025 0.024305555555555556
3 0.3853046875 0.3226805555555556 0.017109374999999982 0.0231527777777778
3 0.3907734375 0.282875 0.018664062499999988 0.028708333333333357
2 0.3855625 0.3092638888888889 0.03532812500000002 0.03148611111111113
3 0.3152421875 0.16481944444444444 0.018656249999999996 0.024069444444444463
3 0.39153125 0.17222222222222222 0.016023437499999994 0.027777777777777776
3 0.35178125 0.1264861111111111 0.018648437500000004 0.018847222222222213
3 0.5733125 0.24131944444444445 0.014171875000000079 0.023319444444444472
3 0.48250000000000004 0.219 0.018921875000000022 0.030263888888888917
3 0.688546875 0.1889861111111111 0.015281249999999958 0.025791666666666657
3 0.690078125 0.2470277777777778 0.013328124999999958 0.05356944444444443
3 0.44652343749999995 0.24925 0.015640624999999984 0.02727777777777776
3 0.8198671875000001 0.01434722222222222 0.014023437499999857 0.016666666666666663
3 0.8253359375 0.08356944444444445 0.012460937499999858 0.018055555555555554
3 0.8432968750000001 0.05323611111111111 0.0114140625000001 0.017597222222222226
2 0.8403046875 0.06990277777777777 0.02104687500000004 0.016666666666666666
3 0.7957812499999999 0.19954166666666664 0.01168749999999994 0.035180555555555534