1 0.16588541666666667 0.8115740740740741 0.24114583333333334 0.3768518518518518
1 0.42911979166666664 0.5009907407407408 0.09967708333333328 0.12808333333333333
1 0.31517708333333333 0.3809537037037037 0.07070833333333333 0.09215740740740738
1 0.33923437500000003 0.3140462962962963 0.051109374999999936 0.04475000000000004
1 0.28455729166666666 0.2924351851851852 0.05286458333333333 0.07252777777777782
1 0.19125520833333332 0.24150925925925926 0.06939062500000001 0.03549074074074075
1 0.1520989583333333 0.22250925925925927 0.05985416666666666 0.03953703703703705
1 0.12220833333333332 0.2095925925925926 0.043484375000000006 0.0352962962962963
1 0.2588489583333333 0.2278148148148148 0.03790624999999999 0.03664814814814813
1 0.3338645833333333 0.27122222222222225 0.0575104166666667 0.033953703703703667
1 0.408609375 0.2998703703703704 0.05118749999999998 0.04879629629629634
1 0.4975625 0.4027777777777778 0.08477083333333332 0.13756481481481475
1 0.5734791666666667 0.36510185185185184 0.06755729166666669 0.09799074074074078
1 0.5661875 0.2800925925925926 0.0414791666666666 0.0848796296296296
1 0.7183072916666667 0.4663333333333333 0.13596874999999997 0.1699444444444444
1 0.6992499999999999 0.21604629629629632 0.05715624999999989 0.035490740740740725
3 0.657140625 0.2573796296296297 0.008697916666666573 0.05736111111111113
4 0.6271979166666667 0.39023148148148146 0.04568229166666669 0.13240740740740742
1 0.65440625 0.34977777777777774 0.07743229166666671 0.07187962962962963
1 0.8420260416666667 0.5874259259259259 0.18002604166666672 0.1748518518518518
1 0.84565625 0.44155555555555553 0.11940624999999988 0.12037037037037036
1 0.4358854166666667 0.9236111111111112 0.2666666666666667 0.1527777777777778
1 0.9440104166666666 0.6791666666666667 0.11197916666666667 0.19166666666666668
1 0.9702864583333334 0.5345555555555556 0.05942708333333328 0.1015185185185186
3 0.92465625 0.5071111111111111 0.03512500000000003 0.07440740740740737
3 0.478515625 0.31810185185185186 0.023380208333333385 0.042879629629629684
3 0.538578125 0.33999074074074076 0.012885416666666613 0.09200925925925926
3 0.502125 0.2656296296296296 0.01029687499999999 0.056712962962962965
3 0.4845520833333333 0.24537037037037038 0.008999999999999985 0.02546296296296296
3 0.37069270833333334 0.27025925925925925 0.011744791666666643 0.052074074074074085
4 0.436046875 0.6990740740740741 0.16328645833333333 0.2777777777777778
2 0.48230729166666664 0.27559259259259256 0.023161458333333346 0.02962037037037038
4 0.4063072916666667 0.24108333333333334 0.031796874999999974 0.05760185185185186
4 0.36514062500000005 0.23910185185185187 0.03364062499999996 0.05229629629629631
4 0.33396875000000004 0.23106481481481483 0.03093229166666672 0.04124999999999998
3 0.6173593749999999 0.8836203703703703 0.06603125000000011 0.14290740740740743
2 0.6199635416666667 0.9821666666666666 0.07569791666666674 0.03566666666666665
4 0.530859375 0.3107685185185185 0.038052083333333306 0.08449074074074074
3 0.950921875 0.7858796296296297 0.0663177083333333 0.2650462962962963
5 0.39797916666666666 0.384212962962963 0.08959895833333333 0.12769444444444442