1 0.7649791666666667 0.5034074074074074 0.11291666666666653 0.21977777777777768
2 0.6223333333333334 0.6850925925925926 0.06905729166666674 0.1358703703703704
1 0.054369791666666716 0.692425925925926 0.10873958333333343 0.22181481481481477
1 0.16385937499999995 0.4555370370370371 0.16364583333333324 0.12404629629629632
0 0.583859375 0.42185185185185187 0.1393802083333334 0.3367314814814816
1 0.8390833333333333 0.7495925925925926 0.3218281249999999 0.3060277777777778
1 0.402515625 0.3156203703703704 0.06266666666666675 0.06462037037037034
1 0.3977760416666667 0.38502777777777775 0.0842864583333333 0.10528703703703707
1 0.42819791666666673 0.5046574074074074 0.09675520833333333 0.1690925925925925
1 0.1497552083333333 0.5853981481481482 0.18885937500000008 0.17825
1 0.6834791666666666 0.30035185185185187 0.053156249999999974 0.06567592592592598
1 0.04933854166666667 0.5350555555555556 0.08935416666666664 0.08874999999999991
1 0.6806249999999999 0.3786851851851852 0.047203125000000054 0.11411111111111112
2 0.19999479166666667 0.747212962962963 0.12397395833333344 0.10910185185185178
1 0.4525572916666667 0.2781666666666667 0.057421875 0.04179629629629628
1 0.4527083333333334 0.3470185185185185 0.05096875000000007 0.09224074074074075
3 0.38753125 0.446212962962963 0.02550000000000002 0.10153703703703701
3 0.626734375 0.5740740740740741 0.046875 0.08333333333333333
3 0.15798437499999995 0.644287037037037 0.041666666666666664 0.0787037037037037
3 0.1983489583333333 0.6311759259259259 0.051213541666666626 0.09876851851851859
1 0.28993229166666673 0.46296296296296297 0.15104166666666666 0.17284259259259266
0 0.8350052083333334 0.20601851851851852 0.09858854166666665 0.08135185185185187
1 0.6893593750000001 0.24636111111111111 0.0691979166666665 0.0429907407407407
2 0.7386510416666667 0.2582685185185185 0.014510416666666732 0.037694444444444475
3 0.7390260416666667 0.23148148148148148 0.013765624999999915 0.02380555555555559
4 0.6276041666666666 0.24305555555555555 0.0379479166666665 0.056212962962963