1 0.8901302083333333 0.7993796296296296 0.21973958333333338 0.32222222222222224
1 0.6326979166666666 0.7796296296296297 0.24147395833333338 0.27654629629629635
1 0.4464479166666667 0.8626574074074074 0.33893229166666666 0.27468518518518525
1 0.9499114583333333 0.4579444444444444 0.10017187499999997 0.1550925925925926
1 0.8505052083333333 0.4058611111111111 0.08191666666666678 0.10339814814814811
1 0.8509270833333333 0.3275462962962963 0.04285416666666677 0.04861111111111111
1 0.8793593749999999 0.3144259259259259 0.03635937499999997 0.04861111111111111
4 0.8005989583333334 0.31905555555555554 0.03850000000000004 0.08256481481481477
4 0.64090625 0.4444444444444444 0.08182812500000007 0.13734259259259252
1 0.7127239583333332 0.3020833333333333 0.06320312499999996 0.0625
5 0.37405208333333334 0.5250833333333333 0.31085937499999994 0.22299999999999992
1 0.47969791666666667 0.29475 0.06051041666666658 0.052472222222222184
1 0.5354531250000001 0.2804814814814815 0.05575520833333343 0.05169444444444448
1 0.12875520833333334 0.2655740740740741 0.0876770833333334 0.046296296296296294
3 0.10042187499999997 0.7727592592592593 0.07338020833333327 0.2862685185185186
1 0.08135937500000003 0.7048611111111112 0.16271875000000005 0.2708333333333333
1 0.28254687500000003 0.23875925925925928 0.04002083333333341 0.06481481481481481
1 0.21630729166666665 0.24158333333333334 0.045609375000000084 0.03943518518518521
1 0.19104687499999998 0.23478703703703704 0.032552083333333336 0.05158333333333337
1 0.2468385416666667 0.22420370370370368 0.02215624999999998 0.05158333333333337
1 0.14468749999999997 0.23255555555555554 0.04990625000000008 0.028620370370370393
4 0.0876770833333333 0.22643518518518518 0.036364583333333415 0.044009259259259234
1 0.49326041666666665 0.2454814814814815 0.04568229166666669 0.0434259259259259
3 0.39766666666666667 0.3123888888888889 0.01910937500000003 0.034833333333333334
3 0.31409374999999995 0.2891388888888889 0.012645833333333438 0.030175925925925957
2 0.3974791666666667 0.3511944444444445 0.02890625 0.03042592592592594
2 0.30375 0.31878703703703704 0.027385416666666627 0.031749999999999966
3 0.8716145833333333 0.47993518518518524 0.04388020833333333 0.07099074074074081
2 0.8707499999999999 0.5501574074074074 0.06400520833333327 0.059564814814814744
3 0.5762708333333334 0.4638888888888889 0.034213541666666694 0.07222222222222222
2 0.5769635416666666 0.5354907407407408 0.040458333333333485 0.06111111111111111
4 0.7251145833333333 0.24599074074074076 0.03444270833333339 0.04876851851851848
1 0.9292395833333332 0.28812037037037036 0.04527604166666658 0.05154629629629626
3 0.7564427083333333 0.3768518518518518 0.03011458333333342 0.12037037037037036
3 0.7876875000000001 0.3787037037037037 0.02595833333333341 0.09444444444444444