2 0.5487760416666667 0.5396018518518518 0.11526562499999997 0.1911666666666667
2 0.8019010416666668 0.5940092592592592 0.13193229166666665 0.1805092592592593
2 0.39673437500000003 0.39335185185185184 0.07471875000000001 0.1429166666666667
2 0.7299166666666667 0.8737407407407406 0.1879635416666666 0.24325000000000002
1 0.2716145833333333 0.5791666666666667 0.30052083333333335 0.3527777777777778
1 0.11276041666666667 0.2916666666666667 0.1234375 0.17222222222222222
2 0.036656249999999994 0.76825 0.07330729166666666 0.2023888888888888
3 0.3098958333333333 0.34305555555555556 0.06666666666666667 0.11574074074074074
2 0.28909375 0.866287037037037 0.13639583333333338 0.22853703703703698
3 0.7479479166666666 0.769037037037037 0.08794791666666674 0.22673148148148137
3 0.7846875 0.4674814814814815 0.1037447916666667 0.19305555555555556
3 0.5350677083333333 0.4304351851851852 0.08261458333333328 0.19768518518518519
3 0.3887760416666667 0.3305925925925926 0.05033333333333338 0.1484444444444445
3 0.0295625 0.6124722222222222 0.059125 0.16937962962962969
3 0.28594270833333335 0.7137592592592593 0.11146874999999999 0.23308333333333334
3 0.137203125 0.19706481481481483 0.027114583333333366 0.04897222222222221