1 0.5720390625 0.5811111111111111 0.04692187499999996 0.11305555555555552
1 0.3209140625 0.7591666666666667 0.08552343750000002 0.12287500000000004
1 0.491609375 0.28052777777777776 0.08092968749999993 0.07661111111111114
1 0.4923125 0.6301666666666667 0.09880468750000002 0.14770833333333336
1 0.6885390625000001 0.6414166666666666 0.08982031250000003 0.16190277777777784
1 0.41603124999999996 0.8347361111111111 0.11050781250000004 0.13266666666666665
1 0.2896640625 0.20447222222222222 0.05843749999999996 0.06294444444444444
1 0.6308046875 0.7881111111111112 0.11146875000000005 0.14548611111111112
1 0.38217187500000005 0.7126666666666667 0.10002343749999998 0.14016666666666677
1 0.43184374999999997 0.6655555555555556 0.09529687500000002 0.1340694444444444
2 0.8670859375 0.07991666666666668 0.017171875000000014 0.026611111111111106
1 0.6443359375 0.5327638888888888 0.08854687499999994 0.10037499999999998
1 0.22957812500000002 0.16694444444444442 0.07579687499999999 0.046875
1 0.5530078125 0.9241388888888888 0.11616406250000004 0.15170833333333336
1 0.8273515625 0.36666666666666664 0.051695312500000055 0.09372222222222225
1 0.8005234375000001 0.49124999999999996 0.08542968749999993 0.1029722222222222
2 0.4507265625 0.18365277777777778 0.03248437499999994 0.030458333333333344
2 0.27021875 0.43636111111111114 0.03582812500000001 0.05123611111111109
1 0.78559375 0.6230972222222222 0.0539921875000001 0.057472222222222216
1 0.30046093749999997 0.8698333333333333 0.07803906249999999 0.14916666666666678
1 0.8598359375 0.3164444444444445 0.0837890625 0.06568055555555559
4 0.7212500000000001 0.1462638888888889 0.03821093750000006 0.06330555555555553
1 0.8564375 0.3554583333333333 0.08286718750000013 0.10079166666666674
1 0.7005 0.7953888888888888 0.049093749999999936 0.07993055555555549
4 0.95859375 0.06383333333333334 0.035226562500000114 0.05745833333333332
4 0.070171875 0.4612638888888889 0.05555468750000001 0.07958333333333327
2 0.0178046875 0.47527777777777774 0.0356015625 0.046958333333333414
1 0.8284140624999999 0.535611111111111 0.04182031250000016 0.0492222222222223
1 0.8123437499999999 0.5766666666666667 0.03453906250000003 0.04408333333333335
1 0.8102890625000001 0.03011111111111111 0.05521874999999987 0.04465277777777776
3 0.5230546875 0.35368055555555555 0.01635156250000005 0.058291666666666624
2 0.9005703125 0.051083333333333335 0.016929687500000058 0.026180555555555547
1 0.7274921875 0.723625 0.06840624999999996 0.08669444444444455
1 0.41578125000000005 0.9389583333333332 0.02463281249999998 0.032694444444444394
1 0.35145312500000003 0.9741527777777778 0.03819531249999999 0.04605555555555567
2 0.9086718749999999 0.35298611111111117 0.012515624999999985 0.03943055555555554
1 0.4146328125 0.1673888888888889 0.06732812500000004 0.04943055555555556
4 0.37265625 0.14640277777777777 0.03592968750000001 0.05544444444444447
3 0.6210703125 0.2946111111111111 0.012867187500000021 0.06397222222222222
3 0.6894140625 0.2267361111111111 0.011062500000000064 0.05447222222222226
3 0.6953671875 0.24488888888888888 0.013257812500000021 0.05290277777777782
2 0.750875 0.16233333333333333 0.019984374999999943 0.02723611111111113
3 0.7507265624999999 0.19481944444444446 0.012023437500000077 0.04776388888888887
3 0.7767734374999999 0.052319444444444446 0.01724218749999995 0.02770833333333334
2 0.740421875 0.04963888888888889 0.01785937499999992 0.03305555555555555
4 0.935484375 0.04770833333333334 0.02698437499999997 0.04520833333333333
1 0.95234375 0.017319444444444446 0.04807812499999997 0.03251388888888889
3 0.27540624999999996 0.40944444444444444 0.02140624999999998 0.04048611111111108
3 0.0146796875 0.4531666666666666 0.0219609375 0.04300000000000005
3 0.45027343750000004 0.17300000000000001 0.007406250000000014 0.03604166666666665
3 0.755875 0.1480138888888889 0.010749999999999992 0.02897222222222224
3 0.9042656250000001 0.03623611111111111 0.009164062500000014 0.027138888888888886
3 0.870578125 0.06545833333333334 0.010500000000000042 0.026944444444444434