1 0.41497395833333334 0.6862685185185184 0.23802083333333332 0.231574074074074
1 0.07543749999999996 0.7048796296296296 0.1508697916666667 0.24047222222222225
1 0.2940677083333333 0.307962962962963 0.059385416666666656 0.07597222222222218
1 0.2861302083333333 0.2437314814814815 0.029906250000000037 0.04405555555555559
3 0.48855208333333333 0.9308425925925925 0.11903645833333343 0.13831481481481492
1 0.8527760416666667 0.33205555555555555 0.052286458333333265 0.054935185185185226
1 0.4786354166666667 0.29262962962962963 0.05611979166666667 0.05774074074074075
4 0.9459739583333333 0.4567407407407407 0.10435937499999995 0.15112962962962964
1 0.8561822916666666 0.40549999999999997 0.08304687499999991 0.10302777777777776
1 0.06273437500000002 0.21664814814814815 0.043942708333333275 0.04356481481481483
2 0.4059427083333334 0.37548148148148147 0.01938541666666656 0.05026851851851848
1 0.24333854166666669 0.2100462962962963 0.036338541666666654 0.029500000000000012
1 0.0984739583333333 0.23064814814814813 0.03996354166666668 0.031657407407407405
1 0.13321354166666666 0.23162962962962963 0.03221875000000007 0.030009259259259284
1 0.1583645833333333 0.2305462962962963 0.048531249999999915 0.03350925925925931
1 0.9255 0.28535185185185186 0.053562500000000075 0.0499814814814815
1 0.9583333333333334 0.6310185185185185 0.08333333333333333 0.21388888888888888
0 0.6255624999999999 0.4008703703703704 0.23814583333333322 0.2490092592592592
4 0.8004687500000001 0.3249444444444444 0.04259895833333331 0.07730555555555556
3 0.7711406249999999 0.34074074074074073 0.01757291666666679 0.0742407407407408
3 0.4046145833333333 0.3354814814814815 0.019921875 0.04479629629629629