1 0.5994739583333334 0.3461296296296296 0.06864062499999998 0.07557407407407409
1 0.7058229166666667 0.30407407407407405 0.061302083333333236 0.05743518518518516
0 0.10957291666666666 0.4927407407407407 0.21914583333333332 0.40314814814814803
1 0.6245104166666666 0.7534444444444445 0.27965625000000005 0.31753703703703706
1 0.354109375 0.3174814814814815 0.04576562500000006 0.06570370370370374
1 0.7128958333333333 0.2459722222222222 0.027994791666666668 0.03685185185185181
2 0.9345989583333334 0.8513518518518519 0.0926666666666667 0.12092592592592584
0 0.3440572916666667 0.23487037037037037 0.1085572916666667 0.0713425925925926
4 0.4346770833333334 0.3576388888888889 0.0516510416666667 0.09182407407407403
2 0.4756927083333334 0.4124259259259259 0.028645833333333332 0.04243518518518522
3 0.4733072916666667 0.36342592592592593 0.020401041666666706 0.038583333333333296
4 0.2025 0.3182962962962963 0.03259895833333335 0.06926851851851847
1 0.07061979166666667 0.2856759259259259 0.043812500000000004 0.037583333333333364
4 0.10922395833333334 0.2785925925925926 0.031557291666666654 0.022333333333333337
1 0.1611510416666667 0.2794074074074074 0.03921354166666665 0.035944444444444494
3 0.244640625 0.26987962962962964 0.010109374999999983 0.04520370370370375
3 0.5634479166666666 0.29587962962962966 0.013255208333333239 0.061444444444444454
4 0.09648958333333332 0.23878703703703702 0.023026041666666656 0.03118518518518514
1 0.5162395833333332 0.2873055555555556 0.06127604166666671 0.04738888888888884
5 0.8755208333333333 0.2152777777777778 0.24895833333333334 0.10277777777777777
3 0.6130781249999999 0.2916666666666667 0.0145260416666666 0.03167592592592596
3 0.92415625 0.7295 0.07152083333333342 0.14153703703703693
1 0.396375 0.26137962962962963 0.06966145833333333 0.047453703703703706
1 0.4661458333333333 0.2829814814814815 0.0577239583333333 0.048222222222222264
1 0.6611354166666668 0.21730555555555556 0.028645833333333332 0.03183333333333333
4 0.7115885416666666 0.2074074074074074 0.020572916666666666 0.03148148148148148