1 0.5174635416666666 0.2916666666666667 0.05667187499999997 0.05823148148148147
1 0.6239010416666667 0.2625648148148148 0.052302083333333374 0.048268518518518516
1 0.14896874999999998 0.40658333333333335 0.08620312499999999 0.09465740740740743
1 0.062286458333333336 0.4658796296296296 0.12457291666666667 0.14962962962962958
1 0.14575520833333336 0.3358611111111111 0.052885416666666664 0.06223148148148151
1 0.30973958333333335 0.27068518518518514 0.03327604166666672 0.04282407407407408
1 0.4649739583333333 0.28105555555555556 0.05265624999999995 0.052731481481481525
1 0.8196822916666666 0.23795370370370372 0.032406249999999893 0.03655555555555557
1 0.072390625 0.28955555555555557 0.04700520833333333 0.04653703703703703
1 0.7943802083333333 0.22037037037037038 0.031697916666666735 0.030685185185185173
4 0.5043385416666667 0.9089537037037037 0.28993229166666656 0.18209259259259267
3 0.20269270833333333 0.3433611111111111 0.01735937500000002 0.07252777777777782
3 0.5844166666666666 0.26234259259259257 0.01171875 0.05092592592592592
2 0.6987864583333334 0.3167407407407407 0.026041666666666668 0.03009259259259259
3 0.6939375 0.28575 0.012005208333333428 0.025203703703703728
1 0.7821666666666667 0.24754629629629632 0.06801562500000008 0.040851851851851854
5 0.9200364583333334 0.2037037037037037 0.1599270833333333 0.0751666666666667
1 0.9468072916666667 0.25136111111111115 0.10638020833333334 0.0582777777777778
4 0.19872916666666668 0.3246574074074074 0.040692708333333334 0.07175925925925926
3 0.21858854166666666 0.2421851851851852 0.010093749999999997 0.03530555555555555
3 0.13525520833333332 0.27314814814814814 0.012697916666666665 0.023148148148148147
3 0.18704166666666666 0.27396296296296296 0.012562500000000002 0.018518518518518517
0 0.698640625 0.2541111111111111 0.0957760416666666 0.07612962962962966