1 0.33125 0.6390625 0.1625 0.2390625
1 0.8921875 0.7515625 0.19375 0.2671875
1 0.59296875 0.80546875 0.1859375 0.275
1 0.26015625 0.9046875 0.2515625 0.18125
1 0.409375 0.1015625 0.0875 0.121875
1 0.2125 0.27265625 0.1265625 0.2140625
1 0.3921875 0.340625 0.1296875 0.171875
1 0.12109375 0.4390625 0.165625 0.1921875
5 0.593359375 0.467296875 0.20120312499999998 0.29500000000000004
5 0.582171875 0.228546875 0.15070312500000008 0.19564062499999996
1 0.827953125 0.540203125 0.1672812499999999 0.15959374999999998
1 0.059375 0.73125 0.11875 0.49375
1 0.269984375 0.1408125 0.11071875000000002 0.11079687499999999
1 0.395484375 0.217109375 0.09296875 0.1165
1 0.532453125 0.07546875 0.07937499999999993 0.12071875000000003