1 0.6609375 0.653125 0.2109375 0.296875
1 0.1296875 0.7984375 0.259375 0.3953125
1 0.446875 0.8125 0.2171875 0.3703125
1 0.78125 0.86328125 0.23125 0.2703125
1 0.37109375 0.21484375 0.165625 0.1765625
1 0.553125 0.24375 0.153125 0.2515625
1 0.1375 0.2546875 0.175 0.2015625
1 0.740625 0.3674375 0.2109375 0.246875
1 0.396875 0.43125 0.1921875 0.2515625
1 0.18328125 0.52821875 0.202921875 0.28560937499999994
1 0.102828125 0.08353124999999999 0.138890625 0.16498437500000002
1 0.346015625 0.08587499999999999 0.13776562499999995 0.14154687500000002
1 0.5009375 0.060625 0.12573437500000004 0.12125