1 0.7502604166666667 0.6898148148148148 0.1796875 0.19074074074074074
1 0.5518229166666667 0.6189814814814815 0.1328125 0.16203703703703703
1 0.7052083333333333 0.8412037037037037 0.16354166666666667 0.31574074074074077
2 0.43697916666666664 0.7856481481481481 0.109375 0.16944444444444445
2 0.3841145833333333 0.6916666666666667 0.08072916666666667 0.1
2 0.05963541666666667 0.9032407407407408 0.1140625 0.0712962962962963
2 0.059171875 0.9694999999999999 0.11730208333333333 0.05915740740740729
0 0.58671875 0.43194444444444446 0.2453125 0.3101851851851852
1 0.3229166666666667 0.4726851851851852 0.09270833333333334 0.09166666666666666
0 0.3815104166666667 0.40046296296296297 0.13385416666666666 0.1398148148148148
3 0.16681770833333334 0.7098796296296296 0.04386979166666668 0.1625555555555555
3 0.23654166666666668 0.6671851851851851 0.023593749999999976 0.10802777777777785
3 0.204140625 0.656888888888889 0.038651041666666684 0.14094444444444448
3 0.16682291666666668 0.5997962962962963 0.02766666666666667 0.10905555555555553
3 0.04097395833333333 0.6918703703703704 0.042182291666666656 0.1368333333333333
3 0.30423958333333334 0.543212962962963 0.023567708333333333 0.1111111111111111
3 0.3195729166666667 0.5380648148148148 0.023302083333333338 0.10287962962962954
3 0.04068229166666666 0.8271574074074074 0.07516145833333333 0.08436111111111101
3 0.03200520833333333 0.9228425925925926 0.0624375 0.08230555555555565
3 0.16103645833333333 0.5205740740740741 0.026515624999999984 0.0720185185185185
3 0.13036979166666668 0.5699629629629629 0.027682291666666654 0.11522222222222227
3 0.10230729166666667 0.5648148148148148 0.028270833333333318 0.12551851851851847
3 0.378875 0.6075092592592592 0.030484374999999987 0.08127777777777775
3 0.407515625 0.6080277777777777 0.02410937499999998 0.1131666666666667
3 0.8837395833333334 0.5671296296296297 0.04779166666666678 0.11574074074074074
3 0.723859375 0.4857222222222223 0.022062500000000065 0.09645370370370378
3 0.7846145833333333 0.46412037037037035 0.017697916666666678 0.08410185185185179
3 0.7511979166666667 0.47337962962962965 0.02205208333333341 0.08410185185185179
3 0.8264895833333333 0.4517777777777778 0.020718750000000105 0.07947222222222226
3 0.800671875 0.4409722222222222 0.014223958333333305 0.08101851851851852
3 0.9376041666666667 0.3194444444444444 0.012052083333333267 0.04937962962962967
3 0.8562395833333334 0.43094444444444446 0.012515625000000105 0.06867592592592589
3 0.4350625 0.6080277777777777 0.02595833333333329 0.11934259259259268
3 0.45155208333333335 0.5869351851851852 0.02074479166666663 0.1121388888888888
3 0.01146875 0.5781851851851852 0.022520833333333334 0.0720185185185185
3 0.03403645833333333 0.4171851851851852 0.022515624999999994 0.033953703703703667
1 0.5604479166666666 0.8885000000000002 0.12255208333333342 0.22299074074074068