4 0.4583333333333333 0.8185679611650486 0.11979166666666667 0.2949029126213592
1 0.6421875 0.595873786407767 0.06875 0.12135922330097088
1 0.6729166666666667 0.5345873786407767 0.04583333333333333 0.07888349514563107
4 0.5481770833333334 0.6262135922330098 0.059895833333333336 0.15776699029126215
5 0.4328125 0.600121359223301 0.16875 0.1808252427184466
2 0.028385416666666666 0.7657766990291263 0.05677083333333333 0.09951456310679611
4 0.5705729166666667 0.5242718446601942 0.0234375 0.05339805825242718
4 0.5807291666666666 0.5145631067961165 0.027083333333333334 0.06310679611650485
1 0.5424479166666667 0.49514563106796117 0.0296875 0.04611650485436893
1 0.10104166666666667 0.6978155339805825 0.103125 0.11893203883495146
3 0.218734375 0.9277912621359223 0.07338020833333332 0.14441747572815533
3 0.10458333333333333 0.9520631067961165 0.07802604166666668 0.09587378640776699
3 0.295046875 0.6262742718446601 0.024458333333333353 0.055497572815534
3 0.8260364583333334 0.557754854368932 0.024072916666666562 0.07276699029126218
3 0.21417708333333335 0.8011529126213592 0.033296874999999976 0.19952669902912631
3 0.011713541666666667 0.7148543689320388 0.022500000000000003 0.0874029126213592
3 0.19680208333333335 0.6559708737864077 0.021682291666666666 0.07833737864077664
3 0.171375 0.677378640776699 0.02560416666666665 0.09576456310679622
3 0.87490625 0.5291140776699029 0.024385416666666753 0.0838592233009709