4 0.37135416666666665 0.8949074074074074 0.15625 0.20092592592592592
4 0.5018229166666667 0.5972222222222222 0.10052083333333334 0.1259259259259259
4 0.203125 0.3333333333333333 0.01875 0.046296296296296294
4 0.44114583333333335 0.36944444444444446 0.025 0.053703703703703705
4 0.5111979166666667 0.3439814814814815 0.0234375 0.021296296296296296
4 0.4973958333333333 0.337037037037037 0.01875 0.037037037037037035
4 0.37421875 0.3055555555555556 0.013020833333333334 0.03518518518518519
4 0.478125 0.32407407407407407 0.021875 0.025925925925925925
4 0.33046875 0.37592592592592594 0.022395833333333334 0.053703703703703705
1 0.13802083333333334 0.6949074074074074 0.20520833333333333 0.16203703703703703
5 0.65390625 0.6217592592592592 0.18177083333333333 0.14537037037037037
1 0.6692708333333334 0.8787037037037037 0.265625 0.19074074074074074
1 0.4171875 0.7532407407407408 0.20208333333333334 0.15833333333333333
5 0.2955729166666667 0.3490740740740741 0.0359375 0.07037037037037037
1 0.04010416666666667 0.3638888888888889 0.08020833333333334 0.11666666666666667
1 0.9596354166666666 0.3972222222222222 0.07447916666666667 0.1037037037037037
1 0.28151041666666665 0.44166666666666665 0.04739583333333333 0.07407407407407407
1 0.34609375 0.4486111111111111 0.04635416666666667 0.0824074074074074
1 0.39947916666666666 0.4444444444444444 0.042708333333333334 0.08888888888888889
1 0.4903645833333333 0.4726851851851852 0.05677083333333333 0.0824074074074074
1 0.5276041666666667 0.4412037037037037 0.05 0.08055555555555556
1 0.5161458333333333 0.3939814814814815 0.035416666666666666 0.0824074074074074
1 0.4591145833333333 0.4287037037037037 0.04114583333333333 0.07037037037037037
5 0.3924479166666667 0.3055555555555556 0.024479166666666666 0.06481481481481481
1 0.3645833333333333 0.36666666666666664 0.034375 0.07592592592592592
1 0.25078125 0.2763888888888889 0.024479166666666666 0.03981481481481482
1 0.43645833333333334 0.3296296296296296 0.029166666666666667 0.05740740740740741
1 0.41041666666666665 0.37083333333333335 0.034375 0.058333333333333334
1 0.4002604166666667 0.35138888888888886 0.028645833333333332 0.06388888888888888
1 0.29244791666666664 0.40370370370370373 0.044270833333333336 0.05925925925925926
1 0.45416666666666666 0.39305555555555555 0.03854166666666667 0.05648148148148148
1 0.48880208333333336 0.37824074074074077 0.021354166666666667 0.04537037037037037
1 0.47630208333333335 0.3592592592592593 0.030729166666666665 0.04814814814814815
5 0.46067708333333335 0.2875 0.0234375 0.03611111111111111
1 0.46015625 0.3263888888888889 0.018229166666666668 0.03981481481481482
1 0.41770833333333335 0.29212962962962963 0.020833333333333332 0.041666666666666664
1 0.35963541666666665 0.325 0.027604166666666666 0.05
1 0.32265625 0.3287037037037037 0.0234375 0.03518518518518519
1 0.3184895833333333 0.3060185185185185 0.0234375 0.017592592592592594
1 0.32317708333333334 0.28425925925925927 0.025520833333333333 0.03518518518518519
1 0.32083333333333336 0.29444444444444445 0.021875 0.011111111111111112
1 0.11640625 0.5569444444444445 0.08489583333333334 0.13240740740740742
1 0.9203125 0.9282407407407407 0.15104166666666666 0.13425925925925927
2 0.58671875 0.9574074074074074 0.07760416666666667 0.07592592592592592
3 0.163015625 0.37289814814814815 0.01647916666666666 0.06074074074074076
3 0.26286458333333335 0.5505092592592592 0.022270833333333358 0.10344444444444446
3 0.29238020833333334 0.5260648148148148 0.023604166666666634 0.08795370370370371
3 0.048567708333333334 0.5872962962962963 0.024427083333333335 0.0672685185185186
3 0.008927083333333334 0.5306481481481482 0.017854166666666667 0.04463888888888892
3 0.0724375 0.5138518518518519 0.013796875000000005 0.062333333333333275
3 0.847421875 0.7808055555555555 0.03908333333333332 0.1642685185185186
3 0.7604635416666666 0.7656481481481481 0.036307291666666686 0.08158333333333324
3 0.9671041666666667 0.7278333333333333 0.03436979166666655 0.1356203703703704
3 0.8058125 0.5383425925925925 0.026010416666666696 0.09580555555555557
3 0.6912760416666667 0.5154907407407407 0.02137499999999998 0.07004629629629638
3 0.6026302083333334 0.44119444444444444 0.017244791666666735 0.06948148148148145
3 0.6096458333333333 0.49398148148148147 0.017244791666666735 0.0544444444444444